defects,arearatio,distance,label
4,50.56291941656037,146.8415082018535,ok
4,41.43236589790101,74.91402889843614,ok
3,49.1502693443325,52.907137271839744,ok
2,49.51315026679129,434.06291899569146,ok
1,36.11618257261411,0,ok
3,55.27821873172362,98.63897120429303,ok
4,62.63122171945701,40.55438736009953,ok
4,65.14667234888842,102.63808329304743,ok
1,43.53829928135194,0,ok
3,61.70705713358973,46.42718171609957,ok
3,61.72278506158124,40.14784294506971,ok
2,55.42902272495669,49.675623100235526,ok
3,50.57806798540426,104.70547048655263,ok
2,52.552219152616765,46.656539750390394,ok
2,49.96720795403867,325.97622612699985,ok
1,43.3344545352618,0,ok
3,54.69991647774729,128.4776309741896,ok
1,54.439845734173645,0,ok
3,57.65319364809702,40.36509089956617,ok
3,47.267211430249056,36.587763964944315,ok
2,53.35052766078273,42.63235277247965,ok
1,57.76366726465867,0,ok
3,55.26548476944162,133.2902951550362,ok
4,41.21363623877153,85.2019119407154,ok
2,54.3129573508759,38.939017178448786,ok
3,54.646541003194415,39.20387362651158,ok
15,53.51653580775636,227.9480125364727,ok
2,54.83201713291393,43.103958281255274,ok
1,55.32892127184284,0,ok
2,57.74530429673433,40.36142946865004,ok
1,54.09968836382203,0,ok
3,64.01679178564,37.82017833709315,ok
2,58.0015306789121,307.23574010846085,ok
2,50.469557051181724,324.5620125646277,ok
3,48.53964363156406,85.4382656510338,ok
2,52.141005940230734,39.15672225300807,ok
3,52.083178611214265,102.62827475316679,ok
6,56.178576077053236,133.21263418743592,ok
4,54.06992119320887,41.7502601675022,ok
2,42.73803958235936,39.37580826778262,ok
1,43.530526600785166,0,ok
3,44.775153671950825,101.30004494222872,ok
1,46.3363205060622,0,ok
2,47.703970878001535,144.249783362052,ok
2,39.65912926088424,35.57320791625201,ok
4,49.30164466308806,82.9544390721665,ok
3,38.41151881096145,74.93288888647108,ok
1,42.68683540512206,0,ok
2,42.70830232488911,186.48806932348376,ok
2,41.767731878409975,143.54267658086744,ok
3,48.53068031514176,34.82918261695417,ok
3,48.56763696160171,34.7802277463595,ok
2,48.54184094383708,38.570948299702664,ok
2,47.058223717752625,228.9733608959764,ok
1,45.23382191644232,0,ok
2,50.86926486673191,42.25775707236348,ok
4,55.92468245955908,174.86810926353098,ok
2,51.827012025901944,40.37805428576902,ok
2,51.96055342949661,31.44036180397681,ok
5,52.5124641184469,91.67848983126841,ok
2,49.211565808184545,42.349104605465364,ok
3,53.7242239671241,87.11350751683835,ok
3,50.6866939947937,59.59696448346011,ok
3,44.548451256658836,100.89296671483453,ok
3,51.255767770574145,212.0327441783409,peace
2,44.57737766195478,104.21521139775093,peace
2,32.15241822604536,124.59999999999995,peace
2,32.93709821370827,139.60657281898574,peace
2,56.98036799013998,117.38910107786462,peace
2,39.64538748526499,133.9260243567321,peace
2,74.9735113371477,101.00919102629264,peace
2,56.717270491644555,122.46468942561683,peace
2,51.03887971765242,129.3027718873836,peace
2,39.17616730310591,108.70005438797739,peace
3,33.47603891155242,271.9516292807448,peace
2,40.51690264028494,124.79412776906561,peace
2,37.6414659823661,121.10434967863245,peace
2,46.42939963140615,142.9979325724024,peace
3,47.30322111891499,227.9906710859785,peace
2,50.76866378856481,155.581803042656,peace
2,55.87343620457105,133.32729675244698,peace
2,38.37351899835829,151.329722212468,peace
2,45.880426102139985,142.19938975431413,peace
2,53.067892403072456,161.54573628242878,peace
2,60.16821330879157,60.00000000000002,peace
3,58.35031337855614,168.9529330319853,peace
2,62.945051497882574,65.99999999999997,peace
2,32.119982920580696,115.92392110447416,peace
2,56.07388608356663,58.000000000000014,peace
2,55.470264402574244,58.00000000000002,peace
2,56.407742584213175,65.0,peace
4,61.20507675067108,190.3686747747178,peace
3,60.660367669713466,183.79572490807638,peace
2,56.189284858808186,54.91402569781797,peace
3,54.33951839403287,136.07920660674392,peace
2,53.92349865582863,59.14384405458642,peace
2,79.4532332839459,66.01530487557943,peace
2,81.62435588332625,66.23864556427097,peace
3,46.56294623584498,227.56579578148182,peace
2,82.77751423149905,65.67072908306912,peace
3,83.74230925761891,170.50174655723242,peace
5,75.24397128800709,136.87674848433704,peace
3,74.83338551684037,179.33246351755716,peace
3,74.35619942445335,134.6480004208058,peace
4,83.98504297863609,84.09996367355438,peace
3,95.08162066940693,48.85705051803263,peace
2,79.31799163179917,60.92855253676636,peace
2,92.46226392739509,65.49033986310211,peace
2,57.88915063812162,50.34989930030213,peace
2,46.68256417449852,119.77167058854593,peace
2,57.688669329409294,41.96714642801371,peace
21,61.27087851730839,198.22993464689904,peace
2,61.57408781878099,35.354144487258345,peace
17,62.915084674260235,200.9273566160157,peace
3,60.78086051804487,166.64487283607428,peace
3,62.77565502183406,181.19849706860623,peace
2,65.78752702856492,57.0185914213491,peace
2,53.25638452102153,58.10985001171295,peace
2,40.359200271094544,59.830516085203826,peace
3,47.26502633265528,92.14419865581412,peace
2,53.45886985377006,117.93890435391688,peace
2,65.82087385687328,59.99697199354877,peace
2,72.33801728183751,55.87835219387235,peace
2,67.64409538326402,41.87936222250002,peace
12,66.34658624976854,204.77295031182993,peace
2,66.95108984582669,44.54754658530878,peace
2,76.84281212872565,55.63123891309501,peace
2,59.87891833714516,50.00000000000001,peace
2,39.87099314083249,127.5772140198439,peace
2,37.06289001396061,117.8731769095014,peace
2,37.38087259567053,205.33445502070944,peace
4,63.79475501093459,139.00140527644325,rockon
5,70.56057264139164,160.01583386370334,rockon
3,61.441699933466396,69.05366570238408,rockon
3,61.76399766084554,95.14692128577235,rockon
3,68.78490388572101,113.5595896960716,rockon
3,67.24996269618416,106.51403863610247,rockon
3,62.95075676346769,100.6603679696887,rockon
3,58.17969358608154,106.50173259624026,rockon
3,67.82749416784011,121.72017259497093,rockon
4,68.16971729137688,125.43574190090249,rockon
3,52.53412504611493,97.54657918112154,rockon
3,59.55366036369024,94.79427701307085,rockon
4,65.52765997805086,165.15163044190083,rockon
4,103.43963247992221,140.129019684308,rockon
3,77.81919725465129,142.3580372307478,rockon
3,62.724186927691825,130.5411553395067,rockon
3,64.6587439654028,122.02781721064473,rockon
3,75.86924746423351,48.60378808079233,rockon
3,79.79953911895653,50.32148202231282,rockon
3,80.43978690285665,52.81930784676105,rockon
3,85.39900676427776,51.399939181333096,rockon
3,83.31107578166402,51.130976602772094,rockon
3,78.56069388981923,53.995307454606575,rockon
3,69.97431946584489,74.40351782721083,rockon
5,89.02205816952771,162.84331783913024,rockon
3,77.92908183901847,51.67535182348362,rockon
2,79.70428381906108,61.78874331727966,rockon
3,92.6771740328447,50.50559181103271,rockon
2,91.18236909796398,44.16779166562371,rockon
4,87.19883028543578,144.36492609270704,rockon
3,91.25938071514157,52.916776686310676,rockon
2,71.42127102880154,58.008964669179356,rockon
2,73.43540046418828,57.13236242488146,rockon
2,67.07381837493361,53.9091520217999,rockon
3,67.32493572153922,69.7946035262708,rockon
1,70.9491651820856,0,rockon
2,65.656175829265,54.97713150440511,rockon
14,88.33783402523075,265.5969034547062,rockon
3,79.08504285851873,52.104886135127586,rockon
2,81.04788369376989,56.55226623640659,rockon
3,83.39455127575573,76.97538523721212,rockon
4,79.13899745759497,66.22994660358002,rockon
4,70.85717331817051,63.808851997962414,rockon
4,70.77626392613524,100.99952151217711,rockon
2,64.50750629409754,59.58776927517096,rockon
3,78.05663105845035,85.14015071882912,rockon
3,74.86225179332571,50.274322602781,rockon
5,79.27173469008801,105.88249480073375,rockon
3,61.62907596817904,53.40319989286461,rockon
4,46.465328615035524,139.32479054304767,rockon
3,49.35109289617486,49.396835936059915,rockon
4,51.41495018641893,100.98811748490111,rockon
4,46.91089476616177,112.86346305237281,rockon
4,46.803751414865516,114.0039222651618,rockon
3,48.778195488721806,47.5197627984592,rockon
3,52.903677004599615,49.92424919359787,rockon
3,57.181084400772065,88.981875294801,rockon
3,71.78506504237788,56.62085420031201,rockon
3,68.70456047587574,53.69194942295354,rockon
3,66.13300198332098,51.23077438980202,rockon
3,63.782854335544094,178.35505606952248,rockon
3,59.119022869022864,114.53610604191994,rockon
3,61.575899290355906,156.2308739763525,rockon
3,66.48183711557706,180.26973346559407,rockon
3,66.84890103784696,57.55501454492972,rockon
3,72.45276962582538,60.148058784569585,rockon
3,67.3843163639082,54.470090597691886,rockon
3,55.22130235057773,99.8268205502661,rockon
3,56.96717222111355,49.37221606870111,rockon
3,54.52596752021249,52.418429563841585,rockon
4,48.314716355299744,117.23970602043805,rockon
3,46.099278942448926,69.54175260168209,rockon
3,72.38657944714075,66.2097708290431,rockon
1,47.13617675673979,0,shaka
1,48.569266749208964,0,shaka
3,38.041604605626496,157.91261435105613,shaka
3,38.72752805083214,161.053867247342,shaka
1,73.02632434189145,0,shaka
3,48.56709507463878,342.26959527442455,shaka
1,45.720864328728304,0,shaka
1,60.774572347992994,0,shaka
1,60.51240789828996,0,shaka
1,44.51033984838327,0,shaka
3,42.24295917659762,348.1657825931775,shaka
2,44.27604022242006,458.3939353874522,shaka
1,38.756541944450476,0,shaka
1,35.665286369986035,0,shaka
1,47.497871185102,0,shaka
1,44.44263275177999,0,shaka
1,40.30622138659607,0,shaka
1,48.22128371951451,0,shaka
1,37.201662095222495,0,shaka
3,32.96073051144798,312.6232356163018,shaka
1,42.25938514363562,0,shaka
2,34.832342325062335,117.7250620095671,shaka
1,44.192163051244,0,shaka
1,50.664206642066425,0,shaka
1,36.36707782579892,0,shaka
1,60.10931259196973,0,shaka
1,64.2236344558611,0,shaka
2,75.31522004392744,234.75945135392521,shaka
1,70.14472361809045,0,shaka
2,72.15155823694424,268.3281572999762,shaka
2,71.88514357053683,331.8324878609753,shaka
1,72.09827952380024,0,shaka
12,73.76749379174929,271.70924451796895,shaka
1,71.08634204037448,0,shaka
2,36.03201654443444,40.87908496416435,shaka
2,63.31116808203814,307.591449816139,shaka
1,57.404363267376965,0,shaka
1,62.58229320263339,0,shaka
3,63.953957567906215,246.74946846632562,shaka
1,56.89899796045047,0,shaka
1,54.16318699921002,0,shaka
2,52.03364156360924,210.71782079357826,shaka
1,48.55943077102531,0,shaka
1,47.10896330653974,0,shaka
1,53.70792628077735,0,shaka
1,46.70926808536474,0,shaka
1,59.234947465553766,0,shaka
16,67.54380416218609,253.21267034499323,shaka
1,62.19021529769293,0,shaka
1,58.89664195377235,0,shaka
2,61.40855586788475,241.6415064657961,shaka
2,70.33781386731837,318.1298754393551,shaka
1,75.34917177852817,0,shaka
1,75.91669910471,0,shaka
1,75.07882751372182,0,shaka
1,76.38139855822483,0,shaka
1,51.69143563097271,0,shaka
1,75.88475078747452,0,shaka
1,70.76555392799322,0,shaka
1,53.43865424763128,0,shaka
2,50.26259296174192,229.10259710444492,shaka
1,48.76943262693332,0,shaka
12,52.8489819833016,234.48420972644965,shaka
1,48.228783864626955,0,shaka
1,50.051969539486244,0,shaka
1,41.335138512809834,0,shaka
1,43.92011982026959,0,shaka
2,46.872541306058224,195.8795548289802,shaka
1,42.71648147757701,0,shaka
1,47.203890983887554,0,shaka
1,47.81012268589772,0,shaka
1,51.820123859050994,0,shaka
1,55.521098682024586,0,shaka
1,53.67307981039401,0,shaka
1,56.24273135072271,0,shaka
1,51.92461333606473,0,shaka
1,52.289606586597635,0,shaka
1,58.85902251980458,0,shaka
1,48.99685762629925,0,shaka
1,55.756424357564235,0,shaka
2,55.20302320546382,255.35896303048187,shaka
1,50.68713153079894,0,shaka
1,52.36209634727369,0,shaka
2,52.308446599297255,195.8795548289825,shaka
1,43.358359803638464,0,thumbsup
1,36.40493082084042,0,thumbsup
1,24.950814511686474,0,thumbsup
2,28.088057517337916,190.99999999999773,thumbsup
2,21.746461909063537,78.1760536602315,thumbsup
2,28.72021126536499,370.52395334177237,thumbsup
1,26.64948716640302,0,thumbsup
2,35.63346904052986,331.6330803764913,thumbsup
1,21.393734270589256,0,thumbsup
1,25.51763218691426,0,thumbsup
3,35.54303927779537,175.23275766010937,thumbsup
2,24.84832112022873,73.61291978965272,thumbsup
1,33.7900434590262,0,thumbsup
2,33.85489988612215,75.60947676657244,thumbsup
2,32.81157264159155,83.22397195638237,thumbsup
2,39.01646599676112,265.64487572696333,thumbsup
14,28.691714034844495,331.28567291147436,thumbsup
1,33.29614099921825,0,thumbsup
1,39.12220786413144,0,thumbsup
2,48.58623731804146,166.87720036002221,thumbsup
1,52.73630696326287,0,thumbsup
1,48.682692751349606,0,thumbsup
1,51.52418895845191,0,thumbsup
1,35.5861114127484,0,thumbsup
1,56.72255686415535,0,thumbsup
1,54.305267172337814,0,thumbsup
1,59.140212748136356,0,thumbsup
1,53.60801507949516,0,thumbsup
1,50.72511877839789,0,thumbsup
1,50.99116863501919,0,thumbsup
1,54.36403905261255,0,thumbsup
1,36.358677653750995,0,thumbsup
1,35.09256854524543,0,thumbsup
1,35.5737794743475,0,thumbsup
3,37.57685783949963,172.3548346584672,thumbsup
2,35.44069304952689,255.00000000000938,thumbsup
1,36.250136101331975,0,thumbsup
2,33.28381450126184,166.17009357883984,thumbsup
1,38.21309880102088,0,thumbsup
1,42.74930774191101,0,thumbsup
1,46.53400435780259,0,thumbsup
1,49.936989860214425,0,thumbsup
1,47.75030925170319,0,thumbsup
1,48.55841331733654,0,thumbsup
1,46.25933544597024,0,thumbsup
1,50.814584949573316,0,thumbsup
1,48.282002362133184,0,thumbsup
1,47.626616969962726,0,thumbsup
1,46.82725888779439,0,thumbsup
1,42.20558322227678,0,thumbsup
1,41.23613370127378,0,thumbsup
1,39.17866326319939,0,thumbsup
1,41.12388731016053,0,thumbsup
1,28.18245918533384,0,thumbsup
1,33.464613352828806,0,thumbsup
2,34.83583750695603,217.081781824272,thumbsup
1,25.59337171959029,0,thumbsup
